Week,Data,Tamponi,Tamponi Tot,Positivi,Positivi Tot,Domicilio,Ricoverati,T.I.,Progressivo,Guariti,Guariti Tot,Deceduti,Deceduti Tot,Contagiati Tot,Crescita
1,24/02/2020,4324,4324,222,221,94,101,26,27,1,1,6,7,229,229
1,25/02/2020,4299,8623,90,311,162,114,35,9,0,1,3,10,322,93
1,26/02/2020,964,9587,74,385,221,128,36,1,2,3,2,12,400,78
1,27/02/2020,2427,12014,203,588,284,248,56,20,42,45,5,17,650,250
1,28/02/2020,3681,15695,233,821,412,345,64,8,1,46,4,21,888,238
1,29/02/2020,2966,18661,228,1049,543,401,105,41,4,50,8,29,1128,240
1,01/03/2020,2466,21127,528,1577,798,639,140,35,33,83,5,34,1694,566
2,02/03/2020,2218,23345,258,1835,927,742,166,26,66,149,18,52,2036,342
2,03/03/2020,2511,25856,428,2263,1000,1034,229,63,11,160,27,79,2502,466
2,04/03/2020,3981,29837,443,2706,1065,1346,295,66,116,276,28,107,3089,587
2,05/03/2020,2525,32362,590,3296,1155,1790,351,56,138,414,41,148,3858,769
2,06/03/2020,3997,36359,620,3916,1060,2394,462,111,109,523,49,197,4636,778
2,07/03/2020,5703,42062,1145,5061,1843,2651,567,105,66,589,36,233,5883,1247
2,08/03/2020,7875,49937,1326,6387,2180,3557,650,83,33,622,133,366,7375,1492
3,09/03/2020,3889,53826,1598,7985,2936,4316,733,83,102,724,97,463,9172,1797
3,10/03/2020,6935,60761,529,8514,2599,5038,877,144,280,1004,168,631,10149,977
3,11/03/2020,12393,73154,2076,10590,3724,5838,1028,151,41,1045,196,827,12462,2313
3,12/03/2020,12857,86011,2249,12839,5036,6650,1153,125,213,1258,189,1016,15113,2651
3,13/03/2020,11477,97488,2116,14955,6201,7426,1328,175,181,1439,250,1266,17660,2547
3,14/03/2020,11682,109170,2795,17750,7860,8372,1518,190,527,1966,175,1441,21157,3497
3,15/03/2020,15729,124899,2853,20603,9268,9663,1672,154,369,2335,368,1809,24747,3590
4,16/03/2020,13063,137962,2470,23073,10197,11025,1851,179,414,2749,349,2158,27980,3233
4,17/03/2020,10695,148657,2989,26062,11108,12894,2060,209,192,2941,345,2503,31506,3526
4,18/03/2020,16884,165541,2648,28710,12090,14363,2257,197,1084,4025,475,2978,35713,4207
4,19/03/2020,17236,182777,4480,33190,14935,15757,2498,241,415,4440,427,3405,41035,5322
4,20/03/2020,24109,206886,4670,37860,19185,16020,2655,157,689,5129,627,4032,47021,5986
4,21/03/2020,26336,233222,4821,42681,22116,17708,2857,202,943,6072,793,4825,53578,6557
4,22/03/2020,25180,258402,3957,46638,23783,19846,3009,152,952,7024,651,5476,59138,5560
5,23/03/2020,17066,275468,3780,50418,26522,20692,3204,195,408,7432,601,6077,63927,4789
5,24/03/2020,21496,296964,3612,54030,28697,21937,3396,192,894,8326,743,6820,69176,5249
5,25/03/2020,27481,324445,3491,57521,30920,23112,3489,93,1036,9362,683,7503,74386,5210
5,26/03/2020,36615,361060,4492,62013,33648,24753,3612,123,999,10361,662,8165,80539,6153
5,27/03/2020,33019,394079,4401,66414,36653,26029,3732,120,589,10950,969,9134,86498,5959
5,28/03/2020,35447,429526,3651,70065,39533,26676,3856,124,1434,12384,889,10023,92472,5974
5,29/03/2020,24504,454030,3815,73880,42588,27386,3906,50,646,13030,756,10779,97689,5217
6,30/03/2020,23329,477359,1648,75528,43752,27795,3981,75,1590,14620,812,11591,101739,4050
6,31/03/2020,29609,506968,2107,77635,45420,28192,4023,42,1109,15729,837,12428,105792,4053
6,01/04/2020,34455,541423,2937,80572,48134,28403,4035,12,1118,16847,727,13155,110574,4782
6,02/04/2020,39809,581232,2477,83049,50456,28540,4053,18,1431,18278,760,13915,115242,4668
6,03/04/2020,38617,619849,2339,85388,52579,28741,4068,15,1480,19758,766,14681,119827,4585
6,04/04/2020,37375,657224,2886,88274,55270,29010,3994,-74,1238,20996,681,15362,124632,4805
6,05/04/2020,34237,691461,2972,91246,58320,28949,3977,-17,819,21815,525,15887,128948,4316
7,06/04/2020,30271,721732,1941,93187,60313,28976,3898,-79,1022,22837,636,16523,132547,3599
7,07/04/2020,33713,755445,880,94067,61557,28718,3792,-106,1555,24392,604,17127,135586,3039
7,08/04/2020,51680,807125,1195,95262,63084,28485,3693,-99,2099,26491,542,17669,139422,3836
7,09/04/2020,46244,853369,1615,96877,64873,28399,3605,-88,1979,28470,610,18279,143626,4204
7,10/04/2020,53495,906864,1396,98273,66534,28242,3497,-108,1985,30455,570,18849,147577,3951
7,11/04/2020,56609,963473,1996,100269,68744,28144,3381,-116,2079,32534,619,19468,152271,4694
7,12/04/2020,46720,1010193,1984,102253,71063,27847,3343,-38,1677,34211,431,19899,156363,4092
8,13/04/2020,36717,1046910,1363,103616,72333,28023,3260,-83,1224,35435,566,20465,159516,3153
8,14/04/2020,26779,1073689,675,104291,73094,28011,3186,-74,1695,37130,602,21067,162488,2972
8,15/04/2020,43715,1117404,1127,105418,74696,27643,3079,-107,962,38092,578,21645,165155,2667
8,16/04/2020,60999,1178403,1189,106607,76778,26893,2936,-143,2072,40164,525,22170,168941,3786
8,17/04/2020,65705,1244108,355,106962,78364,25786,2812,-124,2563,42727,575,22745,172434,3493
8,18/04/2020,61725,1305833,809,107771,80031,25007,2733,-79,2200,44927,482,23227,175925,3491
8,19/04/2020,50708,1356541,486,108257,80589,25033,2635,-98,2128,47055,433,23660,178972,3047
9,20/04/2020,41483,1398024,-20,108237,80758,24906,2573,-62,1822,48877,454,24114,181228,2256
9,21/04/2020,52126,1450150,-528,107709,81104,24134,2471,-102,2723,51600,534,24648,183957,2729
9,22/04/2020,63101,1513251,-10,107699,81510,23805,2384,-87,2943,54543,437,25085,187327,3370
9,23/04/2020,66658,1579909,-851,106848,81710,22871,2267,-117,3033,57576,464,25549,189973,2646
9,24/04/2020,62447,1642356,-321,106527,82286,22068,2173,-94,2922,60498,420,25969,192994,3021
9,25/04/2020,65387,1707743,-680,105847,82212,21533,2102,-71,2622,63120,415,26384,195351,2357
9,26/04/2020,49916,1757659,256,106103,82722,21372,2009,-93,1808,64928,260,26644,197675,2324
10,27/04/2020,32003,1789662,-290,105813,83504,20353,1956,-53,1696,66624,333,26977,199414,1739
10,28/04/2020,57272,1846934,-608,105205,83619,19723,1863,-93,2317,68941,382,27359,201505,2091
10,29/04/2020,63827,1910761,-548,104657,83652,19210,1795,-68,2311,71252,323,27682,203591,2086
10,30/04/2020,68456,1979217,-3106,101551,81708,18149,1694,-101,4693,75945,285,27967,205463,1872
10,01/05/2020,74208,2053425,-608,100943,81796,17569,1578,-116,2304,78249,269,28236,207428,1965
10,02/05/2020,55412,2108837,-239,100704,81808,17357,1539,-39,1665,79914,474,28710,209328,1900
10,03/05/2020,44935,2153772,-525,100179,81436,17242,1501,-38,1740,81654,174,28884,210717,1389
11,04/05/2020,37631,2191403,-199,99980,81678,16823,1479,-22,1225,82879,195,29079,211938,1221
11,05/05/2020,55263,2246666,-1513,98467,80770,16270,1427,-52,2352,85231,236,29315,213013,1075
11,06/05/2020,64263,2310929,-6939,91528,74426,15769,1333,-94,8014,93245,369,29684,214457,1444
11,07/05/2020,70359,2381288,-1904,89624,73139,15174,1311,-22,3031,96276,274,29958,215858,1401
11,08/05/2020,63775,2445063,-1663,87961,72157,14636,1168,-143,2747,99023,243,30201,217185,1327
11,09/05/2020,69171,2514234,-3119,84842,69974,13834,1034,-134,4008,103031,194,30395,218268,1083
11,10/05/2020,51678,2565912,-1518,83324,68679,13618,1027,-7,2155,105186,165,30560,219070,802
12,11/05/2020,40740,2606652,-836,82488,67950,13539,999,-28,1401,106587,179,30739,219814,744
12,12/05/2020,67003,2673655,-1222,81266,67449,12865,952,-47,2452,109039,172,30911,221216,1402
12,13/05/2020,61973,2735628,-2809,78457,65392,12172,893,-59,3502,112541,195,31106,222104,888
12,14/05/2020,71876,2807504,-2017,76440,64132,11453,855,-38,2747,115288,262,31368,223096,992
12,15/05/2020,68176,2875680,-4370,72070,60470,10792,808,-47,4917,120205,242,31610,223885,789
12,16/05/2020,69179,2944859,-1883,70187,59012,10400,775,-33,2605,122810,153,31763,224760,875
12,17/05/2020,60101,3004960,-1836,68351,57278,10311,762,-13,2366,125176,145,31908,225435,675
13,18/05/2020,36406,3041366,-1798,66553,55597,10207,749,-13,2150,127326,99,32007,225886,451
13,19/05/2020,63158,3104524,-1424,65129,54422,9991,716,-33,2075,129401,162,32169,226699,813
13,20/05/2020,67195,3171719,-2377,62752,52452,9624,676,-40,2881,132282,161,32330,227364,665
13,21/05/2020,71679,3243398,-1792,60960,51051,9269,640,-36,2278,134560,156,32486,228006,642
13,22/05/2020,75380,3318778,-1638,59322,49770,8957,595,-45,2160,136720,130,32616,228658,652
13,23/05/2020,72410,3391188,-1570,57752,48485,8695,572,-23,2120,138840,119,32735,229327,669
13,24/05/2020,55824,3447012,-1158,56594,47428,8613,553,-19,1639,140479,50,32785,229858,531
14,25/05/2020,35241,3482253,-1294,55300,46574,8185,541,-12,1502,141981,92,32877,230158,300
14,26/05/2020,57674,3539927,-2358,52942,44504,7917,521,-20,2677,144658,78,32955,230555,397
14,27/05/2020,67324,3607251,-1976,50966,42732,7729,505,-16,2443,147101,117,33072,231139,584
14,28/05/2020,75893,3683144,-2980,47986,40118,7379,489,-16,3503,150604,70,33142,231732,593
14,29/05/2020,72135,3755279,-1811,46175,38606,7094,475,-14,2240,152844,87,33229,232248,516
14,30/05/2020,69342,3824621,-2484,43691,36561,6680,450,-25,2789,155633,111,33340,232664,416
14,31/05/2020,54118,3878739,-1594,42097,35275,6387,435,-15,1874,157507,75,33415,233019,355
15,01/06/2020,31394,3910133,-730,41367,34844,6099,424,-11,848,158355,60,33475,233197,178
15,02/06/2020,52159,3962292,-1474,39893,33569,5916,408,-16,1737,160092,55,33530,233515,318
15,03/06/2020,37299,3999591,-596,39297,33202,5742,353,-55,846,160938,71,33601,233836,321
15,04/06/2020,49953,4049544,-868,38429,32588,5503,338,-15,957,161895,88,33689,234013,177
15,05/06/2020,65028,4114572,-1453,36976,31359,5301,316,-22,1886,163781,85,33774,234531,518
15,06/06/2020,72485,4187057,-1099,35877,30582,5002,293,-23,1297,165078,72,33846,234801,270
15,07/06/2020,49478,4236535,-615,35262,30111,4864,287,-6,759,165837,53,33899,234998,197
16,08/06/2020,27112,4263647,-532,34730,29718,4729,283,-4,747,166584,65,33964,235278,280
16,09/06/2020,55003,4318650,-1858,32872,28028,4581,263,-20,2062,168646,79,34043,235561,283
16,10/06/2020,62699,4381349,-1162,31710,27141,4320,249,-14,1293,169939,71,34114,235763,202
16,11/06/2020,62472,4443821,-1073,30637,26270,4131,236,-13,1399,171338,53,34167,236142,379
16,12/06/2020,70620,4514441,-1640,28997,24877,3893,227,-9,1747,173085,56,34223,236305,163
16,13/06/2020,49750,4564191,-1512,27485,23518,3747,220,-7,1780,174865,78,34301,236651,346
16,14/06/2020,56527,4620718,-1211,26274,22471,3594,209,-11,1505,176370,44,34345,236989,338
17,15/06/2020,28107,4648825,-365,25909,22213,3489,207,-2,640,177010,26,34371,237290,301
17,16/06/2020,46882,4695707,-1340,24569,21091,3301,177,-30,1516,178526,34,34405,237500,210
17,17/06/2020,77701,4773408,-644,23925,20649,3113,163,-14,929,179455,43,34448,237828,328
17,18/06/2020,58154,4831562,-824,23101,20066,2867,168,5,1089,180544,66,34514,238159,331
17,19/06/2020,57541,4889103,-1558,21543,18750,2632,161,-7,1363,181907,47,34561,238011,-148
17,20/06/2020,54722,4943825,-331,21212,18586,2474,152,-9,546,182453,49,34610,238275,264
17,21/06/2020,40545,4984370,-240,20972,18510,2314,148,-4,440,182893,24,34634,238499,224
18,22/06/2020,28972,5013342,-335,20637,18472,2038,127,-21,533,183426,23,34657,238720,221
18,23/06/2020,40485,5053827,-1064,19573,17605,1853,115,-12,1159,184585,18,34675,238833,113
18,24/06/2020,53266,5107093,-918,18655,16938,1610,107,-8,1526,186111,-31,34644,239410,577
18,25/06/2020,56061,5163154,-352,18303,16685,1515,103,-4,614,186725,34,34678,239706,296
18,26/06/2020,52768,5215922,-665,17638,16177,1356,105,2,890,187615,30,34708,239961,255
18,27/06/2020,61351,5277273,-802,16836,15479,1260,97,-8,969,188584,8,34716,240136,175
18,28/06/2020,37346,5314619,-155,16681,15423,1160,98,1,307,188891,22,34738,240310,174
19,29/06/2020,27218,5341837,-185,16496,15280,1120,96,-2,305,189196,6,34744,240436,126
19,30/06/2020,48273,5390110,-933,15563,14380,1090,93,-3,1052,190248,23,34767,240578,142
19,01/07/2020,55366,5445476,-308,15255,14143,1025,87,-6,469,190717,21,34788,240760,182
19,02/07/2020,53243,5498719,-195,15060,14015,963,82,-5,366,191083,30,34818,240961,201
19,03/07/2020,50096,5548815,-176,14884,13849,956,79,-3,384,191467,15,34833,241184,223
19,04/07/2020,52011,5600826,-263,14621,13610,940,71,-8,477,191944,21,34854,241419,235
19,05/07/2020,37462,5638288,21,14642,13623,945,74,3,164,192108,7,34861,241611,192
20,06/07/2020,22166,5660454,67,14709,13691,946,72,-2,133,192241,8,34869,241819,208
20,07/07/2020,43219,5703673,-467,14242,13232,940,70,-2,574,192815,30,34899,241956,137
20,08/07/2020,50443,5754116,-647,13595,12625,899,71,1,825,193640,15,34914,242149,193
20,09/07/2020,52552,5806668,-136,13459,12519,871,69,-2,338,193978,12,34926,242363,214
20,10/07/2020,47953,5854621,-31,13428,12519,844,65,-4,295,194273,12,34938,242639,276
20,11/07/2020,45931,5900552,-125,13303,12410,826,67,2,306,194579,7,34945,242827,188
20,12/07/2020,38259,5938811,-124,13179,12335,776,68,1,349,194928,9,34954,243061,234
21,13/07/2020,23933,5962744,-22,13157,12324,768,65,-3,178,195106,13,34967,243230,169
21,14/07/2020,41867,6004611,-238,12919,12082,777,60,-5,335,195441,17,34984,243344,114
21,15/07/2020,48449,6053060,-426,12493,11639,797,57,-3,575,196016,13,34997,243506,162
21,16/07/2020,50432,6103492,-20,12473,11670,750,53,-4,230,196246,20,35017,243736,230
21,17/07/2020,50767,6154259,-17,12456,11635,771,50,-3,237,196483,11,35028,243967,231
21,18/07/2020,48265,6202524,-88,12368,11561,757,50,0,323,196806,14,35042,244216,249
21,19/07/2020,35525,6238049,72,12440,11648,743,49,-1,143,196949,3,35045,244434,218
22,20/07/2020,24253,6262302,-36,12404,11612,745,47,-2,213,197162,13,35058,244624,190
22,21/07/2020,43110,6305412,-156,12248,11467,732,49,2,269,197431,15,35073,244752,128
22,22/07/2020,49318,6354730,74,12322,11550,724,48,-1,197,197628,9,35082,245032,280
22,23/07/2020,60311,6415041,82,12404,11642,713,49,1,214,197842,10,35092,245338,306
22,24/07/2020,53334,6468375,-103,12301,11542,713,46,-3,350,198192,5,35097,245590,252
22,25/07/2020,51671,6520046,141,12442,11670,731,41,-5,128,198320,5,35102,245864,274
22,26/07/2020,40526,6560572,123,12565,11786,735,44,3,126,198446,5,35107,246118,254
23,27/07/2020,25551,6586123,16,12581,11796,740,45,1,147,198593,5,35112,246286,168
23,28/07/2020,48170,6634293,28,12609,11820,749,40,-5,163,198756,11,35123,246488,202
23,29/07/2020,56018,6690311,7,12616,11847,731,38,-2,275,199031,6,35129,246776,288
23,30/07/2020,61858,6752169,-386,12230,11435,748,47,9,765,199796,3,35132,247158,382
23,31/07/2020,60944,6813113,192,12422,11665,716,41,-6,178,199974,9,35141,247537,379
23,01/08/2020,60383,6873496,35,12457,11709,705,43,2,255,200229,5,35146,247832,295
23,02/08/2020,43269,6916765,-1,12456,11706,708,42,-1,231,200460,8,35154,248070,238
24,03/08/2020,24036,6940801,18,12474,11699,734,41,-1,129,200589,12,35166,248229,159
24,04/08/2020,43788,6984589,8,12482,11680,761,41,0,177,200766,5,35171,248419,190
24,05/08/2020,56451,7041040,164,12646,11841,764,41,0,210,200976,10,35181,248803,384
24,06/08/2020,58673,7099713,48,12694,11890,762,42,1,347,201323,6,35187,249204,401
24,07/08/2020,59196,7158909,230,12924,12103,779,42,0,319,201642,3,35190,249756,552
24,08/08/2020,53298,7212207,29,12953,12139,771,43,1,305,201947,13,35203,250103,347
24,09/08/2020,37637,7249844,310,13263,12455,763,45,2,151,202098,2,35205,250566,463
25,10/08/2020,26432,7276276,105,13368,12543,779,46,1,150,202248,4,35209,250825,259
25,11/08/2020,40642,7316918,193,13561,12711,801,49,3,213,202461,6,35215,251237,412
25,12/08/2020,52658,7369576,230,13791,12959,779,53,4,236,202697,10,35225,251713,476
25,13/08/2020,51188,7420764,290,14081,13240,786,55,2,226,202923,6,35231,252235,522
25,14/08/2020,46723,7467487,168,14249,13422,771,56,1,403,203326,3,35234,252809,574
25,15/08/2020,53123,7520610,157,14406,13587,764,55,-1,314,203640,158,35392,253438,629
25,16/08/2020,36807,7557417,327,14733,13890,787,56,1,146,203786,4,35396,253915,477
26,17/08/2020,30666,7588083,134,14867,13999,810,58,2,182,203968,4,35400,254235,320
26,18/08/2020,53976,7642059,222,15089,14188,843,58,0,174,204142,5,35405,254636,401
26,19/08/2020,71095,7713154,271,15360,14428,866,66,8,364,204506,7,35412,255278,642
26,20/08/2020,77442,7790596,654,16014,15063,883,68,2,180,204686,6,35418,256118,840
26,21/08/2020,71996,7862592,664,16678,15690,919,69,1,274,204960,9,35427,257065,947
26,22/08/2020,77674,7940266,825,17503,16515,924,64,-5,243,205203,3,35430,258136,1071
26,23/08/2020,67371,8007637,935,18438,17398,971,69,5,267,205470,7,35437,259345,1209
27,24/08/2020,45914,8053551,757,19195,18085,1045,65,-4,192,205662,4,35441,260298,953
27,25/08/2020,72341,8125892,519,19714,18590,1058,66,1,353,206015,4,35445,261174,876
27,26/08/2020,93529,8219421,1039,20753,19629,1055,69,3,314,206329,13,35458,262540,1366
27,27/08/2020,94024,8313445,1179,21932,20734,1131,67,-2,225,206554,5,35463,263949,1409
27,28/08/2020,97065,8410510,1103,23035,21783,1178,74,7,348,206902,9,35472,265409,1460
27,29/08/2020,99108,8509618,1121,24156,22909,1168,79,5,322,207224,1,35473,266853,1444
27,30/08/2020,76723,8586341,1049,25205,23868,1251,86,7,312,207536,4,35477,268218,1365
28,31/08/2020,58518,8644859,873,26078,24696,1288,94,8,117,207653,6,35483,269214,996
28,01/09/2020,81050,8725909,676,26754,25267,1380,107,13,291,207944,8,35491,270189,975
28,02/09/2020,102959,8828868,1063,27817,26271,1437,109,2,257,208201,6,35497,271515,1326
28,03/09/2020,92790,8921658,1098,28915,27290,1505,120,11,289,208490,10,35507,272912,1397
28,04/09/2020,113085,9034743,1184,30099,28371,1607,121,1,537,209027,11,35518,274644,1732
28,05/09/2020,107658,9142401,1095,31194,29453,1620,121,0,583,209610,15,35533,276337,1693
28,06/09/2020,76856,9219257,884,32078,30262,1683,133,12,405,210015,8,35541,277634,1297
29,07/09/2020,52553,9271810,915,32993,31132,1719,142,9,223,210238,12,35553,278784,1150
29,08/09/2020,92403,9364213,796,33789,31886,1760,143,1,563,210801,10,35563,280153,1369
29,09/09/2020,95990,9460203,945,34734,32806,1778,150,7,471,211272,14,35577,281583,1430
29,10/09/2020,94186,9554389,974,35708,33708,1836,164,14,613,211885,10,35587,283180,1597
29,11/09/2020,98880,9653269,1059,36767,34743,1849,175,11,547,212432,10,35597,284796,1616
29,12/09/2020,92706,9745975,736,37503,35370,1951,182,7,759,213191,6,35603,286297,1501
29,13/09/2020,72143,9818118,1006,38509,36280,2042,187,5,443,213634,7,35610,287753,1456
30,14/09/2020,45309,9863427,678,39187,36868,2122,197,10,316,213950,14,35624,288761,1008
30,15/09/2020,80517,9943944,525,39712,37289,2222,201,4,695,214645,9,35633,289990,1229
30,16/09/2020,100607,10044551,820,40532,38040,2285,207,6,620,215265,12,35645,291442,1452
30,17/09/2020,101773,10146324,881,41413,38853,2348,212,5,689,215954,13,35658,293025,1583
30,18/09/2020,99839,10246163,1044,42457,39862,2387,208,-4,853,216807,10,35668,294932,1907
30,19/09/2020,103223,10349386,704,43161,40566,2380,215,7,909,217716,24,35692,296569,1637
30,20/09/2020,83428,10432814,937,44098,41511,2365,222,7,635,218351,15,35707,298156,1587
31,21/09/2020,55862,10488676,981,45079,42372,2475,232,10,352,218703,17,35724,299506,1350
31,22/09/2020,87303,10575979,410,45489,42646,2604,239,7,967,219670,14,35738,300897,1391
31,23/09/2020,103696,10679675,625,46114,43212,2658,244,5,995,220665,20,35758,302537,1640
31,24/09/2020,108019,10787694,666,46780,43803,2731,246,2,1097,221762,23,35781,304323,1786
31,25/09/2020,107269,10894963,938,47718,44737,2737,244,-2,954,222716,20,35801,306235,1912
31,26/09/2020,104387,10999350,875,48593,45600,2746,247,3,977,223693,17,35818,308104,1869
31,27/09/2020,87714,11087064,1025,49618,46518,2846,254,7,724,224417,17,35835,309870,1766
32,28/09/2020,51109,11138173,705,50323,47082,2977,264,10,773,225190,16,35851,311364,1494
32,29/09/2020,90185,11228358,307,50630,47311,3048,271,7,1316,226506,24,35875,313011,1647
32,30/09/2020,105564,11333922,633,51263,47936,3047,280,9,1198,227704,19,35894,314861,1850
32,01/10/2020,118236,11452158,1384,52647,49259,3097,291,11,1140,228844,24,35918,317409,2548
32,02/10/2020,120301,11572459,1350,53997,50561,3142,294,3,1126,229970,23,35941,319908,2499
32,03/10/2020,118932,11691391,1569,55566,52064,3205,297,3,1247,231217,27,35968,322751,2843
32,04/10/2020,92714,11784105,1863,57429,53839,3287,303,6,697,231914,18,35986,325329,2578
33,05/10/2020,60241,11844346,1474,58903,55093,3487,323,20,767,232681,16,36002,327586,2257
33,06/10/2020,99742,11944088,1231,60134,56190,3625,319,-4,1418,234099,28,36030,330263,2677
33,07/10/2020,125314,12069402,2442,62576,58457,3782,337,18,1204,235303,31,36061,333940,3677
33,08/10/2020,128098,12197500,3376,65952,61669,3925,358,21,1060,236363,22,36083,338398,4458
33,09/10/2020,129471,12326971,4158,70110,65637,4086,387,29,1186,237549,28,36111,343770,5372
33,10/10/2020,133084,12460055,4719,74829,70103,4336,390,3,976,238525,29,36140,349494,5724
33,11/10/2020,104658,12564713,4246,79075,74136,4519,420,30,1184,239709,26,36166,354950,5456
34,12/10/2020,85442,12650155,3689,82764,77491,4821,452,32,891,240600,39,36205,359569,4619
34,13/10/2020,112544,12762699,4429,87193,81603,5076,514,62,1428,242028,41,36246,365467,5898
34,14/10/2020,152196,12914895,5252,92445,86436,5470,539,25,2037,244065,43,36289,372799,7332
34,15/10/2020,162932,13077827,6821,99266,92884,5796,586,47,1899,245964,83,36372,381602,8803
34,16/10/2020,150377,13228204,8046,107312,100496,6178,638,52,1908,247872,55,36427,391611,10009
34,17/10/2020,165837,13394041,9623,116935,109613,6617,705,67,1255,249127,47,36474,402536,10925
34,18/10/2020,146541,13540582,9302,126237,118356,7131,750,45,2334,251461,69,36543,414241,11705
35,19/10/2020,98862,13639444,7766,134003,125530,7676,797,47,1498,252959,73,36616,423578,9337
35,20/10/2020,144737,13784181,8736,142739,133415,8454,870,73,2046,255005,89,36705,434449,10871
35,21/10/2020,177848,13962029,12703,155442,145459,9057,926,56,2369,257374,127,36832,449648,15199
35,22/10/2020,170392,14132421,13860,169302,158616,9694,992,66,2082,259456,136,36968,465726,16078
35,23/10/2020,182032,14314453,16700,186002,174404,10549,1049,57,2352,261808,91,37059,484869,19143
35,24/10/2020,177669,14492122,17180,203182,190767,11287,1128,79,2309,264117,151,37210,504509,19640
35,25/10/2020,161880,14654002,19059,222241,209027,12006,1208,80,2086,266203,128,37338,525782,21273
36,26/10/2020,124686,14778688,14443,236684,222403,12997,1284,76,2423,268626,141,37479,542789,17007
36,27/10/2020,174398,14953086,18406,255090,239724,13955,1411,127,3362,271988,221,37700,564778,21989
36,28/10/2020,198952,15152038,21367,276457,259940,14981,1536,125,3416,275404,205,37905,589766,24988
36,29/10/2020,201452,15353490,22734,299191,281576,15964,1651,115,3878,279282,217,38122,616595,26829
36,30/10/2020,215085,15568575,26595,325786,307046,16994,1746,95,4285,283567,199,38321,647674,31079
36,31/10/2020,215886,15784461,25600,351386,331577,17966,1843,97,5859,289426,297,38618,679430,31756
36,01/11/2020,183457,15967918,26743,378129,357288,18902,1939,96,2954,292380,208,38826,709335,29905
37,02/11/2020,135731,16103649,18383,396512,374650,19840,2022,83,3637,296017,233,39059,731588,22253
37,03/11/2020,182287,16285936,21630,418142,394803,21114,2225,203,6258,302275,353,39412,759829,28241
37,04/11/2020,211831,16497767,25093,443235,418827,22116,2292,67,5103,307378,335,39747,790360,30531
37,05/11/2020,219884,16717651,29113,472348,446701,23256,2391,99,4961,312339,445,40192,824879,34519
37,06/11/2020,234245,16951896,26770,499118,472598,24005,2515,124,10586,322925,446,40638,862681,37802
37,07/11/2020,231673,17183569,33418,532536,504793,25109,2634,119,5966,328891,425,41063,902490,39809
37,08/11/2020,191144,17374713,26100,558636,529447,26440,2749,115,6183,335074,331,41394,935104,32614
38,09/11/2020,147725,17522438,14698,573334,542849,27636,2849,100,10215,345289,356,41750,960373,25269
38,10/11/2020,217758,17740196,16776,590110,558506,28633,2971,122,17734,363023,580,42330,995463,35090
38,11/11/2020,225640,17965836,23248,613358,580833,29444,3081,110,9090,372113,623,42953,1028424,32961
38,12/11/2020,234672,18200508,21696,635054,602011,29873,3170,89,15645,387758,636,43589,1066401,37977
38,13/11/2020,254908,18455416,28872,663926,629782,30914,3230,60,11480,399238,550,44139,1107303,40902
38,14/11/2020,227695,18683111,24509,688435,653731,31398,3306,76,12196,411434,544,44683,1144552,37249
38,15/11/2020,195275,18878386,24055,712490,677021,32047,3422,116,9376,420810,546,45229,1178529,33977
39,16/11/2020,152663,19031049,5294,717784,681756,32536,3492,70,21554,442364,504,45733,1205881,27352
39,17/11/2020,208458,19239507,16026,733810,697124,33074,3612,120,15434,457798,731,46464,1238072,32191
39,18/11/2020,234834,19474341,9358,743168,705994,33504,3670,58,24169,481967,753,47217,1272352,34280
39,19/11/2020,250186,19724527,18503,761671,724349,33610,3712,42,17020,498987,653,47870,1308528,36176
39,20/11/2020,238077,19962604,15505,777176,739471,33957,3748,36,21035,520022,699,48569,1345767,37239
39,21/11/2020,237225,20199829,14570,791746,753925,34063,3758,10,19502,539524,692,49261,1380531,34764
39,22/11/2020,188747,20388576,14201,805947,767867,34279,3801,43,13574,553098,562,49823,1408868,28337
40,23/11/2020,148945,20537521,-9098,796849,758342,34697,3810,9,31395,584493,630,50453,1431795,22927
40,24/11/2020,188659,20726180,1537,798386,759993,34577,3816,6,20837,605330,853,51306,1455022,23227
40,25/11/2020,230007,20956187,-6689,791697,753536,34313,3848,32,31819,637149,722,52028,1480874,25852
40,26/11/2020,232711,21188898,4148,795845,757961,34038,3846,-2,24031,661180,822,52850,1509875,29001
40,27/11/2020,222803,21411701,-7952,787893,750427,33684,3782,-64,35467,696647,827,53677,1538217,28342
40,28/11/2020,225940,21637641,1415,789308,752247,33299,3762,-20,24214,720861,686,54363,1564532,26315
40,29/11/2020,176934,21814575,6463,795771,759139,32879,3753,-9,13642,734503,541,54904,1585178,20646
41,30/11/2020,130524,21945099,-7300,788471,751540,33187,3744,-9,23004,757507,672,55576,1601554,16376
41,01/12/2020,182100,22127199,-8526,779945,743471,32811,3663,-81,27088,784595,785,56361,1620901,19347
41,02/12/2020,207143,22334342,-18715,761230,725160,32454,3616,-47,38740,823335,684,57045,1641610,20709
41,03/12/2020,220047,22554389,-1248,759982,724613,31772,3597,-19,23474,846809,993,58038,1664829,23219
41,04/12/2020,212741,22767130,-2280,757702,722935,31200,3567,-30,25576,872385,814,58852,1688939,24110
41,05/12/2020,194984,22962114,-3533,754169,720494,30158,3517,-50,23923,896308,662,59514,1709991,21052
41,06/12/2020,163550,23125664,1137,755306,721461,30391,3454,-63,17186,913494,564,60078,1728878,18887
42,07/12/2020,111217,23236881,-6487,748819,714913,30524,3382,-72,19638,933132,528,60606,1742557,13679
42,08/12/2020,149232,23386113,-11294,737525,704099,30081,3345,-37,25497,958629,634,61240,1757394,14837
42,09/12/2020,118475,23504588,-27010,710515,677542,29653,3320,-25,39266,997895,499,61739,1770149,12755
42,10/12/2020,171586,23676174,-13988,696527,664148,29088,3291,-29,30099,1027994,887,62626,1787147,16998
42,11/12/2020,190416,23866590,-6204,690323,658496,28562,3265,-26,24169,1052163,761,63387,1805873,18726
42,12/12/2020,196439,24063029,-5475,684848,653583,28066,3199,-66,24728,1076891,649,64036,1825775,19902
42,13/12/2020,152697,24215726,1183,686031,655138,27735,3158,-41,16270,1093161,484,64520,1843712,17937
43,14/12/2020,103584,24319310,-10922,675109,644249,27765,3095,-63,22456,1115617,491,65011,1855737,12025
43,15/12/2020,164431,24483741,-11796,663313,632968,27342,3003,-92,25789,1141406,846,65857,1870576,14839
43,16/12/2020,199489,24683230,-17607,645706,615883,26897,2926,-77,34495,1175901,680,66537,1888144,17568
43,17/12/2020,-47510,24635720,-10363,635343,606061,26427,2855,-71,27913,1203814,683,67220,1906377,18233
43,18/12/2020,179800,24815520,-7545,627798,599210,25769,2819,-36,22272,1226086,674,67894,1921778,15401
43,19/12/2020,176185,24991705,-7632,620166,592018,25364,2784,-35,23384,1249470,553,68447,1938083,16305
43,20/12/2020,137420,25129125,2594,622760,594859,25158,2743,-41,12156,1261626,352,68799,1953185,15102
44,21/12/2020,87889,25217014,-9178,613582,585706,25145,2731,-12,19632,1281258,415,69214,1964054,10869
44,22/12/2020,157705,25374719,-7627,605955,578320,24948,2687,-44,20315,1301573,628,69842,1977370,13316
44,23/12/2020,183864,25558583,-7139,598816,571646,24546,2624,-63,20494,1322067,553,70395,1991278,13908
44,24/12/2020,193777,25752360,-5184,593632,566973,24070,2589,-35,22718,1344785,505,70900,2009317,18039
44,25/12/2020,152334,25904694,-13746,579886,553900,23402,2584,-5,32324,1377109,459,71359,2028354,19037
44,26/12/2020,81564,25986258,1057,580943,555051,23312,2580,-4,9104,1386213,268,71627,2038783,10429
44,27/12/2020,59879,26046137,817,581760,555609,23571,2580,0,7798,1394011,298,71925,2047696,8913
45,28/12/2020,68681,26114818,-6539,575221,548724,23932,2565,-15,14675,1408686,445,72370,2056277,8581
45,29/12/2020,128740,26243558,-6493,568728,542517,23662,2549,-16,17044,1425730,659,73029,2067487,11210
45,30/12/2020,169045,26412603,-4333,564395,538301,23566,2528,-21,19960,1445690,575,73604,2083689,16202
45,31/12/2020,186004,26598607,5501,569896,544190,23151,2555,27,17421,1463111,555,74159,2107166,23477
45,01/01/2021,157524,26756131,4871,574767,549392,22822,2553,-2,16877,1479988,462,74621,2129376,22210
45,02/01/2021,67174,26823305,2295,577062,551545,22948,2569,16,9166,1489154,364,74985,2141201,11825
45,03/01/2021,102974,26926279,-848,576214,550556,23075,2583,14,14746,1503900,347,75332,2155446,14245
46,04/01/2021,77993,27004272,-5756,570458,544562,23317,2579,-4,16206,1520106,348,75680,2166244,10798
46,05/01/2021,135106,27139378,-1297,569161,543197,23395,2569,-10,16023,1536129,649,76329,2181619,15375
46,06/01/2021,178596,27317974,-449,568712,542967,23174,2571,2,20227,1556356,548,76877,2201945,20326
46,07/01/2021,121275,27439249,2343,571055,545177,23291,2587,16,15659,1572015,414,77291,2220361,18416
46,08/01/2021,140267,27579516,-666,570389,544489,23313,2587,0,17575,1589590,620,77911,2237890,17529
46,09/01/2021,172119,27751635,2453,572842,546989,23260,2593,6,17040,1606630,483,78394,2257866,19976
46,10/01/2021,139758,27891393,7090,579932,553890,23427,2615,22,11174,1617804,361,78755,2276491,18625
47,11/01/2021,91656,27983049,-3953,575979,549734,23603,2642,27,16035,1633839,448,79203,2289021,12530
47,12/01/2021,141641,28124690,-5939,570040,543692,23712,2636,-6,19565,1653404,616,79819,2303263,14242
47,13/01/2021,175429,28300119,-5266,564774,538670,23525,2579,-57,20532,1673936,507,80326,2319036,15773
47,14/01/2021,160585,28460704,-3394,561380,535713,23110,2557,-22,20115,1694051,522,80848,2336279,17243
47,15/01/2021,273506,28734210,-3312,558068,532705,22841,2522,-35,18979,1713030,477,81325,2352423,16144
47,16/01/2021,261404,28995614,-351,557717,532413,22784,2520,-2,16186,1729216,475,81800,2368733,16310
47,17/01/2021,211078,29206692,-4343,553374,528114,22757,2503,-17,16510,1745726,377,82177,2381277,12544
48,18/01/2021,158674,29365366,-6315,547059,521631,22884,2544,41,14763,1760489,377,82554,2390102,8825
48,19/01/2021,254070,29619436,-11535,535524,510338,22699,2487,-57,21428,1781917,603,83157,2400598,10496
48,20/01/2021,279762,29899198,-11971,523553,498623,22469,2461,-26,25015,1806932,524,83681,2414166,13568
48,21/01/2021,267567,30166765,-6985,516568,492105,22045,2418,-43,20519,1827451,521,84202,2428221,14055
48,22/01/2021,264728,30431493,-14515,502053,477972,21691,2390,-28,27676,1855127,472,84674,2441854,13633
48,23/01/2021,286331,30717824,-3219,498834,475045,21403,2386,-4,16062,1871189,488,85162,2455185,13331
48,24/01/2021,216211,30934035,444,499278,475569,21309,2400,14,10885,1882074,299,85461,2466813,11628
49,25/01/2021,126931,31060966,-7648,491630,467785,21424,2421,21,15787,1897861,420,85881,2475372,8559
49,26/01/2021,256287,31317253,-9213,482417,458690,21355,2372,-49,19256,1917117,541,86422,2485956,10584
49,27/01/2021,293770,31611023,-4448,477969,454456,21161,2352,-20,19172,1936289,467,86889,2501147,15191
49,28/01/2021,275579,31886602,-3352,474617,451551,20778,2288,-64,17220,1953509,492,87381,2515507,14360
49,29/01/2021,268750,32155352,-6793,467824,445157,20397,2270,-18,19879,1973388,477,87858,2529070,13563
49,30/01/2021,298010,32453362,-4472,463352,441036,20098,2218,-52,16764,1990152,421,88279,2541783,12713
49,31/01/2021,213364,32666726,-9384,453968,431657,20096,2215,-3,20396,2010548,237,88516,2553032,11249
50,01/02/2021,142419,32809145,-6379,447589,425077,20260,2252,37,13975,2024523,329,88845,2560957,7925
50,02/02/2021,244429,33053574,-9824,437765,415234,20317,2214,-38,18977,2043500,498,89343,2570608,9651
50,03/02/2021,279307,33332881,-3043,434722,412506,20071,2145,-69,15748,2059248,476,89819,2583789,13181
50,04/02/2021,270142,33603023,-4445,430277,408383,19743,2151,6,17680,2076928,422,90241,2597446,13657
50,05/02/2021,270507,33873530,-1159,429118,407401,19575,2142,-9,14995,2091923,377,90618,2611659,14213
50,06/02/2021,282407,34155937,-2084,427034,405516,19408,2110,-32,15138,2107061,385,91003,2625098,13439
50,07/02/2021,206789,34362726,-10,427024,405651,19266,2107,-3,11380,2118441,270,91273,2636738,11640
51,08/02/2021,144270,34506996,-7420,419604,397934,19527,2143,36,15082,2133523,307,91580,2644707,7969
51,09/02/2021,274263,34781259,-5637,413967,392312,19512,2143,0,15827,2149350,422,92002,2655319,10612
51,10/02/2021,310994,35092253,-3856,410111,388703,19280,2128,-15,16467,2165817,336,92338,2668266,12947
51,11/02/2021,292533,35384786,-5092,405019,383951,18942,2126,-2,19838,2185655,391,92729,2683403,15137
51,12/02/2021,287619,35672405,-2845,402174,381343,18736,2095,-31,16422,2202077,316,93045,2697296,13893
51,13/02/2021,290534,35962939,-761,401413,380851,18500,2062,-33,13973,2216050,311,93356,2710819,13523
51,14/02/2021,205642,36168581,1370,402783,382249,18449,2085,23,9469,2225519,221,93577,2721879,11060
52,15/02/2021,179278,36347859,-4685,398098,377494,18515,2089,4,11771,2237290,258,93835,2729223,7344
52,16/02/2021,274019,36621878,-4412,393686,373149,18463,2074,-15,14444,2251734,336,94171,2739591,10368
52,17/02/2021,294411,36916289,-4822,388864,368547,18274,2043,-31,16519,2268253,369,94540,2751657,12066
52,18/02/2021,288458,37204747,-4363,384501,364493,17963,2045,2,17776,2286029,342,94882,2765412,13755
52,19/02/2021,297128,37501875,-2053,382448,362558,17831,2059,14,17170,2303199,353,95235,2780882,15470
52,20/02/2021,306078,37807953,2175,384623,364835,17725,2063,4,12488,2315687,251,95486,2795796,14914
52,21/02/2021,250986,38058939,4272,388895,368997,17804,2094,31,8946,2324633,232,95718,2809246,13450
53,22/02/2021,170672,38229611,-992,387903,367630,18155,2118,24,10335,2334968,274,95992,2818863,9617
53,23/02/2021,303850,38533461,45,387948,367507,18295,2146,28,12898,2347866,356,96348,2832162,13299
53,24/02/2021,340247,38873708,1485,389433,369059,18217,2157,11,14599,2362465,318,96666,2848564,16402
53,25/02/2021,353704,39227412,6710,396143,375718,18257,2168,11,12853,2375318,308,96974,2868435,19871
53,26/02/2021,325404,39552816,8521,404664,384178,18292,2194,26,11714,2387032,253,97227,2888923,20488
53,27/02/2021,323047,39875863,7302,411966,391378,18372,2216,22,11320,2398352,280,97507,2907825,18902
53,28/02/2021,257024,40132887,10401,422367,401498,18638,2231,15,6847,2405199,192,97699,2925265,17440
54,01/03/2021,170633,40303520,1966,424333,402932,19112,2289,58,10894,2416093,246,97945,2938371,13106
54,02/03/2021,335983,40639503,6663,430996,409099,19570,2327,38,10057,2426150,343,98288,2955434,17063
54,03/03/2021,358884,40998387,6425,437421,415247,19763,2411,84,14068,2440218,347,98635,2976274,20840
54,04/03/2021,339635,41338022,9018,446439,423807,20157,2475,64,13488,2453706,339,98974,2999119,22845
54,05/03/2021,378463,41716485,10031,456470,433571,20374,2525,50,13682,2467388,297,99271,3023129,24010
54,06/03/2021,355024,42071509,9342,465812,442540,20701,2571,46,13984,2481372,307,99578,3046762,23633
54,07/03/2021,271336,42342845,7050,472862,449113,21144,2605,34,13467,2494839,207,99785,3067486,20724
55,08/03/2021,184684,42527529,-329,472533,448002,21831,2700,95,13893,2508732,318,100103,3081368,13882
55,09/03/2021,345972,42873501,6350,478883,453734,22393,2756,56,12999,2521731,376,100479,3101093,19725
55,10/03/2021,361040,43234541,8191,487074,461365,22882,2827,71,13752,2535483,332,100811,3123368,22275
55,11/03/2021,372217,43606758,10276,497350,471244,23247,2859,32,15000,2550483,373,101184,3149017,25649
55,12/03/2021,369636,43976394,11967,509317,482747,23656,2914,55,14443,2564926,380,101564,3175807,26790
55,13/03/2021,372944,44349338,10744,520061,492926,24153,2982,68,14970,2579896,317,101881,3201838,26031
55,14/03/2021,273966,44623304,11205,531266,503666,24518,3082,100,9835,2589731,264,102145,3223142,21304
56,15/03/2021,179015,44802319,-909,530357,501862,25338,3157,75,15807,2605538,354,102499,3238394,15252
56,16/03/2021,369375,45171694,5758,536115,506761,26098,3256,99,14116,2619654,502,103001,3258770,20376
56,17/03/2021,369084,45540778,2893,539008,509174,26517,3317,61,19716,2639370,431,103432,3281810,23040
56,18/03/2021,353737,45894515,8502,547510,517483,26694,3333,16,15976,2655346,423,103855,3306711,24901
56,19/03/2021,364822,46259337,9029,556539,526317,26858,3364,31,16292,2671638,386,104241,3332418,25707
56,20/03/2021,354480,46613817,8914,565453,535005,27061,3387,23,14598,2686236,401,104642,3356331,23913
56,21/03/2021,277086,46890903,6219,571672,540740,27484,3448,61,13526,2699762,300,104942,3376376,20045
57,22/03/2021,169196,47060099,-8605,563067,531508,28049,3510,62,32720,2732482,386,105328,3400877,24501
57,23/03/2021,335189,47395288,-2413,560654,528680,28428,3546,36,20601,2753083,551,105879,3419616,18739
57,24/03/2021,363767,47759055,654,561308,529282,28438,3588,42,20132,2773215,460,106339,3440862,21246
57,25/03/2021,349472,48108527,1650,562958,530914,28424,3620,32,21673,2794888,460,106799,3464645,23783
57,26/03/2021,354982,48463509,3753,566711,534611,28472,3628,8,19764,2814652,457,107256,3488619,23974
57,27/03/2021,357076,48820585,5104,571815,539559,28621,3635,7,18287,2832939,380,107636,3512390,23771
57,28/03/2021,272703,49093288,1357,573172,540792,28701,3679,44,17950,2850889,297,107933,3531994,19604
58,29/03/2021,156697,49249985,-7242,565930,533046,29163,3721,42,19725,2870614,417,108350,3544894,12900
58,30/03/2021,301447,49551432,-3165,562765,529818,29231,3716,-5,18687,2889301,529,108879,3560945,16051
58,31/03/2021,351065,49902497,-1712,561053,528163,29180,3710,-6,23744,2913045,467,109346,3583444,22499
58,01/04/2021,356245,50258742,2426,563479,530849,28949,3681,-29,20712,2933757,501,109847,3607083,23639
58,02/04/2021,331154,50589896,1816,565295,532887,28704,3704,23,19620,2953377,481,110328,3629000,21917
58,03/04/2021,359214,50949110,-440,564855,532652,28489,3714,10,21311,2974688,376,110704,3650247,21247
58,04/04/2021,250933,51200043,4180,569035,536900,28432,3703,-11,13511,2988199,326,111030,3668264,18017
59,05/04/2021,102795,51302838,1061,570096,537574,28785,3737,34,9323,2997522,296,111326,3678944,10680
59,06/04/2021,112962,51415800,-14391,555705,522625,29337,3743,6,21733,3019255,421,111747,3686707,7763
59,07/04/2021,339939,51755739,-7868,547837,514838,29316,3683,-60,20927,3040182,627,112374,3700393,13686
59,08/04/2021,362162,52117901,-3507,544330,511816,28851,3663,-20,20229,3060411,487,112861,3717602,17209
59,09/04/2021,349003,52466904,-7969,536361,504612,28146,3603,-60,26175,3086586,718,113579,3736526,18924
59,10/04/2021,334862,52801766,-3276,533085,501843,27654,3588,-15,20483,3107069,344,113923,3754077,17551
59,11/04/2021,253100,53054866,-80,533005,502169,27251,3585,-3,15486,3122555,331,114254,3769814,15737
60,12/04/2021,190635,53245501,-8588,524417,493495,27329,3593,8,18010,3140565,358,114612,3779594,9780
60,13/04/2021,304990,53550491,-5197,519220,488742,26952,3526,-67,18160,3158725,476,115088,3793033,13439
60,14/04/2021,334766,53885257,-4560,514660,484801,26369,3490,-36,20251,3178976,469,115557,3809193,16160
60,15/04/2021,319633,54204890,-4637,510023,481019,25587,3417,-73,21220,3200196,380,115937,3826156,16963
60,16/04/2021,327704,54532594,-3285,506738,478629,24743,3366,-51,18779,3218975,429,116366,3842079,15923
60,17/04/2021,331734,54864328,-1430,505308,477868,24100,3340,-26,16484,3235459,310,116676,3857443,15364
60,18/04/2021,230116,55094444,-697,504611,477652,23648,3311,-29,13134,3248593,251,116927,3870131,12688
61,19/04/2021,146728,55241172,-11122,493489,466503,23742,3244,-67,19669,3268262,316,117243,3878994,8863
61,20/04/2021,294045,55535217,-10774,482715,456309,23255,3151,-93,22453,3290715,390,117633,3891063,12069
61,21/04/2021,350034,55885251,-7080,475635,449775,22784,3076,-75,20552,3311267,364,117997,3904899,13836
61,22/04/2021,364804,56250055,-3439,472196,447081,22094,3021,-55,19125,3330392,360,118357,3920945,16046
61,23/04/2021,315700,56565755,-6653,465543,441124,21440,2979,-42,21069,3351461,342,118699,3935703,14758
61,24/04/2021,320780,56886535,-4095,461448,437583,20971,2894,-85,17587,3369048,322,119021,3949517,13814
61,25/04/2021,239482,57126017,-236,461212,437688,20662,2862,-32,13176,3382224,217,119238,3962674,13157
62,26/04/2021,145819,57271836,-8400,452812,429328,20635,2849,-13,16539,3398763,301,119539,3971114,8440
62,27/04/2021,302734,57574570,-4663,448149,425089,20312,2748,-101,14688,3413451,373,119912,3981512,10398
62,28/04/2021,336336,57910906,-5378,442771,420200,19860,2711,-37,18416,3431867,344,120256,3994894,13382
62,29/04/2021,330075,58240981,-4062,438709,416718,19351,2640,-71,18088,3449955,288,120544,4009208,14314
62,30/04/2021,338771,58579752,-2439,436270,414747,18940,2583,-57,15621,3465576,263,120807,4022653,13445
62,01/05/2021,378202,58957954,-5728,430542,409639,18381,2522,-61,18466,3484042,226,121033,4035617,12964
62,02/05/2021,156872,59114826,364,430906,410037,18345,2524,2,8637,3492679,144,121177,4044762,9145
63,03/05/2021,121829,59236655,-7348,423558,402673,18395,2490,-34,13038,3505717,256,121433,4050708,5946
63,04/05/2021,315506,59552161,-9669,413889,393290,18176,2423,-67,18477,3524194,305,121738,4059821,9113
63,05/05/2021,327169,59879330,-6760,407129,387241,17520,2368,-55,17072,3541266,267,122005,4070400,10579
63,06/05/2021,324640,60203970,-4327,402802,383627,16867,2308,-60,15867,3557133,258,122263,4082198,11798
63,07/05/2021,328612,60532582,-5238,397564,378980,16331,2253,-55,15580,3572713,207,122470,4092747,10549
63,08/05/2021,338436,60871018,-7444,390120,372110,15799,2211,-42,17394,3590107,224,122694,4102921,10174
63,09/05/2021,226006,61097024,-6266,383854,366242,15420,2192,-19,14416,3604523,139,122833,4111210,8289
64,10/05/2021,130000,61227024,-10184,373670,356085,15427,2158,-34,15063,3619586,198,123031,4116287,5077
64,11/05/2021,286428,61513452,-9811,363859,346866,14937,2056,-102,16503,3636089,251,123282,4123230,6943
64,12/05/2021,306744,61820196,-11437,352422,336150,14280,1992,-64,19023,3655112,262,123544,4131078,7848
64,13/05/2021,287026,62107222,-6414,346008,330507,13608,1893,-99,14295,3669407,201,123745,4139160,8082
64,14/05/2021,298186,62405408,-6402,339606,324696,13050,1860,-33,13782,3683189,182,123927,4146722,7562
64,15/05/2021,294686,62700094,-6776,332830,318532,12493,1805,-55,13292,3696481,136,124063,4153374,6652
64,16/05/2021,202573,62902667,-3948,328882,314969,12134,1779,-26,9603,3706084,93,124156,4159122,5748
65,17/05/2021,118924,63021591,-5991,322891,309113,12024,1754,-25,9305,3715389,140,124296,4162576,3454
65,18/05/2021,262864,63284455,-7583,315308,302080,11539,1689,-65,11831,3727220,201,124497,4167025,4449
65,19/05/2021,287256,63571711,-8578,306730,294069,11018,1643,-46,13929,3741149,149,124646,4172525,5500
65,20/05/2021,251037,63822748,-7244,299486,287559,10383,1544,-99,12816,3753965,164,124810,4178261,5736
65,21/05/2021,269744,64092492,-7698,291788,280394,9925,1469,-75,12695,3766660,218,125028,4183476,5215
65,22/05/2021,286603,64379095,-8044,283744,272826,9488,1430,-39,12633,3779293,125,125153,4188190,4714
65,23/05/2021,179391,64558486,-2652,281092,270521,9161,1410,-20,6573,3785866,72,125225,4192183,3993
66,24/05/2021,107481,64665967,-4653,276439,266107,8950,1382,-28,7032,3792898,110,125335,4194672,2489
66,25/05/2021,252646,64918613,-8294,268145,258265,8557,1323,-59,11348,3804246,166,125501,4197892,3220
66,26/05/2021,260962,65179575,-8116,260029,250633,8118,1278,-45,11930,3816176,121,125622,4201827,3935
66,27/05/2021,243967,65423542,-6836,253193,244280,7707,1206,-72,10808,3826984,171,125793,4205970,4143
66,28/05/2021,249911,65673453,-6923,246270,237936,7192,1142,-64,10534,3837518,126,125919,4209707,3737
66,29/05/2021,247330,65920783,-4304,241966,234071,6800,1095,-47,7569,3845087,83,126002,4213055,3348
66,30/05/2021,164495,66085278,-3670,238296,230644,6591,1061,-34,6574,3851661,44,126046,4216003,2948
67,31/05/2021,86977,66172255,-4622,233674,226159,6482,1033,-28,6358,3858019,82,126128,4217821,1818
67,01/06/2021,221818,66394073,-7923,225751,218570,6192,989,-44,10313,3868332,93,126221,4220304,2483
67,02/06/2021,226272,66620345,-15701,210050,203259,5858,933,-56,18535,3886867,62,126283,4223200,2896
67,03/06/2021,97633,66717978,-4488,205562,198953,5717,892,-41,6392,3893259,59,126342,4225163,1963
67,04/06/2021,220939,66938917,-5370,200192,193868,5488,836,-56,7853,3901112,73,126415,4227719,2556
67,05/06/2021,238632,67177549,-4823,195369,189388,5193,788,-48,7200,3908312,57,126472,4230153,2434
67,06/06/2021,149958,67327507,-3097,192272,186535,4963,774,-14,5321,3913633,51,126523,4232428,2275
68,07/06/2021,84567,67412074,-3819,188453,182784,4910,759,-15,5024,3918657,65,126588,4233698,1270
68,08/06/2021,220917,67632991,-6727,181726,176353,4685,688,-71,8519,3927176,102,126690,4235592,1894
68,09/06/2021,218738,67851729,-6791,174935,169892,4382,661,-27,8912,3936088,77,126767,4237790,2198
68,10/06/2021,188120,68039849,-5626,169309,164530,4153,626,-35,7616,3943704,88,126855,4239868,2078
68,11/06/2021,217610,68257459,-4070,165239,160766,3876,597,-29,5893,3949597,69,126924,4241760,1892
68,12/06/2021,212966,68470425,-2830,162409,158180,3655,574,-23,4500,3954097,52,126976,4243482,1722
68,13/06/2021,134136,68604561,-2096,160313,156206,3542,565,-9,3460,3957557,26,127002,4244872,1390
69,14/06/2021,78928,68683489,-2523,157790,153789,3465,536,-29,3394,3960951,36,127038,4245779,907
69,15/06/2021,212708,68896197,-51884,105906,102069,3333,504,-32,53074,4014025,63,127101,4247032,1253
69,16/06/2021,203173,69099370,-4051,101855,98320,3064,471,-33,5399,4019424,52,127153,4248432,1400
69,17/06/2021,200315,69299685,-3247,98608,95276,2888,444,-27,4533,4023957,37,127190,4249755,1323
69,18/06/2021,216026,69515711,-6536,92072,88976,2680,416,-28,7648,4031605,35,127225,4250902,1147
69,19/06/2021,249988,69765699,-2922,89150,86252,2504,394,-22,4087,4035692,28,127253,4252095,1193
69,20/06/2021,150522,69916221,-1440,87710,84877,2444,389,-5,2304,4037996,17,127270,4252976,881
70,21/06/2021,81752,69997973,-10857,76853,74078,2390,385,-4,11320,4049316,21,127291,4253460,484
70,22/06/2021,192882,70190855,-3889,72964,70313,2289,362,-23,4692,4054008,31,127322,4254294,834
70,23/06/2021,198031,70388886,-4345,68619,66135,2140,344,-18,5455,4059463,12,127334,4255416,1122
70,24/06/2021,188191,70577077,-6310,62309,59954,2027,328,-16,6566,4066029,28,127362,4255700,284
70,25/06/2021,192541,70769618,-2074,60235,58030,1899,306,-22,2769,4068798,56,127418,4256451,751
70,26/06/2021,224493,70994111,-2503,57732,55663,1771,298,-8,3301,4072099,40,127458,4257289,838
70,27/06/2021,137583,71131694,-570,57162,55125,1743,294,-4,1336,4073435,14,127472,4258069,780
71,28/06/2021,75861,71207555,-2480,54682,52670,1723,289,-5,2839,4076274,28,127500,4258456,387
71,29/06/2021,190635,71398190,-1858,52824,50878,1676,270,-19,2493,4078767,42,127542,4259133,677
71,30/06/2021,185016,71583206,-2383,50441,48601,1593,247,-23,3135,4081902,24,127566,4259909,776
71,01/07/2021,188474,71771680,-1083,49358,47597,1532,229,-18,1941,4083843,21,127587,4260788,879
71,02/07/2021,199238,71970918,-1579,47779,46097,1469,213,-16,2345,4086188,28,127615,4261582,794
71,03/07/2021,228127,72199045,-2203,45576,43978,1394,204,-9,3110,4089298,22,127637,4262511,929
71,04/07/2021,141640,72340685,-912,44664,43103,1364,197,-7,1706,4091004,12,127649,4263317,806
72,05/07/2021,74649,72415334,-1133,43531,42003,1337,191,-6,1582,4092586,31,127680,4263797,480
72,06/07/2021,192424,72607758,-952,42579,41121,1271,187,-4,1835,4094421,24,127704,4264704,907
72,07/07/2021,177977,72785735,-739,41840,40426,1234,180,-7,1735,4096156,14,127718,4265714,1010
72,08/07/2021,174852,72960587,-371,41469,40092,1197,180,0,1749,4097905,13,127731,4267105,1391
72,09/07/2021,196922,73157509,-73,41396,40060,1167,169,-11,1434,4099339,25,127756,4268491,1386
72,10/07/2021,208419,73365928,-381,41015,39707,1147,161,-8,1763,4101102,12,127768,4269885,1394
72,11/07/2021,143332,73509260,66,41081,39786,1134,161,0,1318,4102420,7,127775,4271276,1391
73,12/07/2021,73571,73582831,-655,40426,39119,1149,158,-3,1529,4103949,13,127788,4272163,887
73,13/07/2021,192543,73775374,223,40649,39364,1128,157,-1,1287,4105236,20,127808,4273693,1530
73,14/07/2021,210599,73985973,1051,41700,40441,1108,151,-6,1079,4106315,23,127831,4275846,2153
73,15/07/2021,190922,74176895,-800,40900,39658,1089,153,2,3264,4109579,9,127840,4278319,2473
73,16/07/2021,205602,74382497,1814,42714,41465,1088,161,8,1070,4110649,11,127851,4281214,2895
73,17/07/2021,244797,74627294,777,43491,42218,1111,162,1,2328,4112977,13,127864,4284332,3118
73,18/07/2021,165269,74792563,2622,46113,44821,1136,156,-6,501,4113478,3,127867,4287458,3126
74,19/07/2021,89089,74881652,1412,47525,46175,1188,162,6,651,4114129,7,127874,4289528,2070
74,20/07/2021,218705,75100357,1785,49310,47951,1194,165,3,1760,4115889,10,127884,4293083,3555
74,21/07/2021,235097,75335454,1998,51308,49954,1196,158,-7,2235,4118124,21,127905,4297337,4254
74,22/07/2021,219778,75555232,3558,54866,53474,1234,158,0,1483,4119607,15,127920,4302393,5056
74,23/07/2021,237635,75792867,3886,58752,57293,1304,155,-3,1239,4120846,17,127937,4307535,5142
74,24/07/2021,258929,76051796,3771,62523,61011,1340,172,17,1362,4122208,5,127942,4312673,5138
74,25/07/2021,176653,76228449,3734,66257,64687,1392,178,6,1001,4123209,7,127949,4317415,4742
75,26/07/2021,88247,76316696,1979,68236,66542,1512,182,4,1114,4124323,22,127971,4320530,3115
75,27/07/2021,241890,76558586,2074,70310,68510,1611,189,7,2418,4126741,24,127995,4325046,4516
75,28/07/2021,248472,76807058,3851,74161,72293,1685,183,-6,1827,4128568,15,128010,4330739,5693
75,29/07/2021,224790,77031848,4323,78484,76560,1730,194,11,1825,4130393,19,128029,4336906,6167
75,30/07/2021,247486,77279334,4478,82962,80949,1812,201,7,2117,4132510,18,128047,4343519,6613
75,31/07/2021,264860,77544194,4323,87285,85220,1851,214,13,2170,4134680,16,128063,4350028,6509
75,01/08/2021,167761,77711955,4065,91350,89166,1954,230,16,1250,4135930,2,128065,4355345,5317
76,02/08/2021,83223,77795178,1667,93017,90698,2070,249,19,1498,4137428,23,128088,4358533,3188
76,03/08/2021,209719,78004897,1199,94216,91762,2196,258,9,3615,4141043,27,128115,4363374,4841
76,04/08/2021,215748,78220645,3004,97220,94651,2309,260,2,3565,4144608,21,128136,4369964,6590
76,05/08/2021,212227,78432872,3826,101046,98369,2409,268,8,3371,4147979,27,128163,4377188,7224
76,06/08/2021,244657,78677529,3639,104685,101959,2449,277,9,2936,4150915,24,128187,4383787,6599
76,07/08/2021,293863,78971392,3850,108535,105714,2533,288,11,3025,4153940,22,128209,4390684,6897
76,08/08/2021,203511,79174903,3731,112266,109336,2631,299,11,1991,4155931,11,128220,4396417,5733
77,09/08/2021,102864,79277767,2589,114855,111746,2786,323,24,1589,4157520,22,128242,4400617,4200
77,10/08/2021,241766,79519533,1468,116323,113121,2880,322,-1,4125,4161645,31,128273,4406241,5624
77,11/08/2021,230039,79749572,2438,118761,115476,2948,337,15,4450,4166095,31,128304,4413160,6919
77,12/08/2021,216969,79966541,2524,121285,117958,2975,352,15,4715,4170810,30,128334,4420429,7269
77,13/08/2021,225486,80192027,2965,124250,120848,3033,369,17,4388,4175198,45,128379,4427827,7398
77,14/08/2021,254006,80446033,2216,126466,122993,3101,372,3,4931,4180129,34,128413,4435008,7181
77,15/08/2021,160870,80606903,2062,128528,124982,3162,384,12,3580,4183709,19,128432,4440669,5661
78,16/08/2021,74021,80680924,168,128696,124958,3334,404,20,3477,4187186,24,128456,4444338,3669
78,17/08/2021,238073,80918997,420,129116,125221,3472,423,19,4794,4191980,54,128510,4449606,5268
78,18/08/2021,226423,81145420,-334,128782,124781,3559,442,19,7424,4199404,69,128579,4456765,7159
78,19/08/2021,206531,81351951,1720,130502,126415,3627,460,18,5465,4204869,55,128634,4464005,7240
78,20/08/2021,220656,81572607,960,131462,127315,3692,455,-5,6211,4211080,49,128683,4471225,7220
78,21/08/2021,255218,81827825,1959,133421,129222,3733,466,11,5462,4216542,45,128728,4478691,7466
78,22/08/2021,175539,82003364,1517,134938,130699,3767,472,6,4382,4220924,23,128751,4484613,5922
79,23/08/2021,101341,82104705,617,135555,131142,3928,485,13,3505,4224429,44,128795,4488779,4166
79,24/08/2021,266246,82370951,-230,135325,130785,4036,504,19,6248,4230677,60,128855,4494857,6078
79,25/08/2021,244420,82615371,399,135724,131202,4023,499,-5,7081,4237758,59,128914,4502396,7539
79,26/08/2021,220872,82836243,1333,137057,132495,4059,503,4,5839,4243597,43,128957,4509611,7215
79,27/08/2021,265480,83101723,1061,138118,133493,4114,511,8,6717,4250314,45,129002,4517434,7823
79,28/08/2021,293464,83395187,1310,139428,134806,4111,511,0,5494,4255808,54,129056,4524292,6858
79,29/08/2021,223086,83618273,1619,141047,136389,4133,525,14,4298,4260106,37,129093,4530246,5954
80,30/08/2021,109803,83728076,346,141393,136581,4264,548,23,3854,4263960,53,129146,4534499,4253
80,31/08/2021,307643,84035719,-3468,137925,133129,4252,544,-4,8885,4272845,75,129221,4539991,5492
80,01/09/2021,303717,84339436,-1347,136578,131807,4231,540,-4,7774,4280619,69,129290,4546487,6496
80,02/09/2021,293067,84632503,320,136898,132138,4205,555,15,6372,4286991,62,129352,4553241,6754
80,03/09/2021,296394,84928897,127,137025,132305,4164,556,1,6544,4293535,58,129410,4559970,6729
80,04/09/2021,331350,85260247,14,137039,132266,4204,569,13,6086,4299621,56,129466,4566126,6156
80,05/09/2021,259756,85520003,-337,136702,131914,4216,572,3,5602,4305223,49,129515,4571440,5314
81,06/09/2021,134393,85654396,-682,136020,131148,4302,570,-2,3977,4309200,52,129567,4574787,3347
81,07/09/2021,318865,85973261,-2233,133787,128917,4307,563,-7,6877,4316077,71,129638,4579502,4715
81,08/09/2021,301980,86275241,-2206,131581,126782,4235,564,1,8058,4324135,69,129707,4585423,5921
81,09/09/2021,291468,86566709,-1663,129918,125130,4230,558,-6,7122,4331257,59,129766,4590941,5518
81,10/09/2021,286028,86852737,-1429,128489,123777,4164,548,-10,6984,4338241,62,129828,4596558,5617
81,11/09/2021,333741,87186478,-863,127626,122962,4117,547,-1,5997,4344238,57,129885,4601749,5191
81,12/09/2021,267358,87453836,-292,127334,122662,4113,559,12,4922,4349160,34,129919,4606413,4664
82,13/09/2021,120045,87573881,-1430,125904,121141,4200,563,4,4186,4353346,36,129955,4609205,2792
82,14/09/2021,318593,87892474,-3564,122340,117621,4165,554,-9,7501,4360847,72,130027,4613214,4009
82,15/09/2021,317666,88210140,-3853,118487,113819,4128,540,-14,8606,4369453,73,130100,4618040,4826
82,16/09/2021,306267,88516407,-2145,116342,111793,4018,531,-9,7193,4376646,67,130167,4623155,5115
82,17/09/2021,284579,88800986,-2071,114271,109757,3989,525,-6,6549,4383195,66,130233,4627699,4544
82,18/09/2021,355933,89156919,-1231,113040,108563,3958,519,-6,5756,4388951,51,130284,4632275,4576
82,19/09/2021,263571,89420490,496,113536,109077,3929,530,11,3314,4392265,26,130310,4636111,3836
83,20/09/2021,122441,89542931,-1022,112514,108009,3982,523,-7,3383,4395648,44,130354,4638516,2405
83,21/09/2021,330275,89873206,-3001,109513,105060,3937,516,-7,6308,4401956,67,130421,4641890,3374
83,22/09/2021,292872,90166078,-2954,106559,102250,3796,513,-3,6850,4408806,67,130488,4645853,3963
83,23/09/2021,311775,90477853,-1476,105083,100928,3650,505,-8,5466,4414272,63,130551,4649906,4053
83,24/09/2021,287287,90765140,-1527,103556,99514,3553,489,-16,5265,4419537,52,130603,4653696,3790
83,25/09/2021,357491,91122631,-982,102574,98596,3497,481,-8,4451,4423988,50,130653,4657215,3519
83,26/09/2021,276221,91398852,-330,102244,98326,3435,483,2,3385,4427373,44,130697,4660314,3099
84,27/09/2021,124077,91522929,-1164,101080,97105,3487,488,5,2892,4430265,45,130742,4662087,1773
84,28/09/2021,338425,91861354,-2208,98872,94995,3418,459,-29,5105,4435370,65,130807,4665049,2962
84,29/09/2021,295452,92156806,-2893,95979,92212,3317,450,-9,6042,4441412,63,130870,4668261,3212
84,30/09/2021,308836,92465642,-1671,94308,90670,3198,440,-10,5714,4447126,51,130921,4672355,4094
84,01/10/2021,293469,92759111,-656,93652,90105,3118,429,-11,4007,4451133,52,130973,4675758,3403
84,02/10/2021,355896,93115007,-903,92749,89260,3057,432,3,4187,4455320,25,130998,4679067,3309
84,03/10/2021,285960,93400967,218,92967,89545,2991,431,-1,2716,4458036,33,131031,4682034,2967
85,04/10/2021,122214,93523181,-871,92096,88627,3032,437,6,2446,4460482,37,131068,4683646,1612
85,05/10/2021,322282,93845463,-1797,90299,86898,2968,433,-4,4210,4464692,50,131118,4686109,2463
85,06/10/2021,301773,94147236,-2052,88247,84960,2872,415,-18,5245,4469937,39,131157,4689341,3232
85,07/10/2021,297356,94444592,-1074,87173,83946,2824,403,-12,3966,4473903,41,131198,4692274,2933
85,08/10/2021,271566,94716158,-1247,85926,82801,2742,383,-20,4234,4478137,30,131228,4695291,3017
85,09/10/2021,344969,95061127,-624,85302,82243,2692,367,-16,3325,4481462,46,131274,4698038,2747
85,10/10/2021,270044,95331171,-494,84808,81793,2651,364,-3,2745,4484207,27,131301,4700316,2278
86,11/10/2021,114776,95445947,-702,84106,81044,2688,374,10,2184,4486391,34,131335,4701832,1516
86,12/10/2021,315285,95761232,-1560,82546,79511,2665,370,-4,3997,4490388,49,131384,4704318,2486
86,13/10/2021,278945,96040177,-2095,80451,77532,2552,367,-3,4827,4495215,37,131421,4707087,2769
86,14/10/2021,324614,96364791,-1083,79368,76530,2479,359,-8,3709,4498924,40,131461,4709753,2666
86,15/10/2021,506043,96870834,-846,78522,75720,2445,357,-2,3533,4502457,42,131503,4712482,2729
86,16/10/2021,472535,97343369,-451,78071,75348,2371,352,-5,3419,4505876,14,131517,4715464,2982
86,17/10/2021,381051,97724420,-502,77569,74834,2386,349,-3,2913,4508789,24,131541,4717899,2435
87,18/10/2021,219878,97944298,-1206,76363,73577,2428,358,9,2756,4511545,44,131585,4719493,1594
87,19/10/2021,662000,98606298,-1817,74546,71768,2423,355,-3,4442,4515987,70,131655,4722188,2695
87,20/10/2021,485613,99091911,-878,73668,70849,2464,355,0,4544,4520531,33,131688,4725887,3699
87,21/10/2021,574671,99666582,82,73750,70955,2439,356,1,3673,4524204,36,131724,4729678,3791
87,22/10/2021,487218,100153800,-21,73729,70943,2443,343,-13,3861,4528065,39,131763,4733557,3879
87,23/10/2021,491574,100645374,287,74016,71223,2455,338,-5,3579,4531644,39,131802,4737462,3905
87,24/10/2021,403715,101049089,759,74775,71961,2473,341,3,2940,4534584,24,131826,4741185,3723
88,25/10/2021,222385,101271474,-121,74654,71737,2579,338,-3,2626,4537210,30,131856,4743720,2535
88,26/10/2021,639745,101911219,392,75046,72101,2604,341,3,3613,4540823,48,131904,4747773,4053
88,27/10/2021,468104,102379323,319,75365,72409,2615,341,0,4226,4545049,50,131954,4752368,4595
88,28/10/2021,570335,102949658,1413,76778,73822,2609,347,6,3400,4548449,50,132004,4757231,4863
88,29/10/2021,474778,103424436,1866,78644,75637,2658,349,2,3433,4551882,33,132037,4762563,5332
88,30/10/2021,477352,103901788,1737,80381,77328,2707,346,-3,3103,4554985,37,132074,4767440,4877
88,31/10/2021,350170,104251958,2067,82448,79352,2754,342,-4,2432,4557417,26,132100,4771965,4525
